[photo.jpg]
moddate=d121a6261f8dd001
width=800
height=600
text=1;138;17;SACHIN CAR AGENCY;Arial;0.382797,0.482695,0.033333,0.000000;v1,4278190080,4278190080,128.000000,1.000000,0.000000,1.000000,700,0,49160;;
textactive=1
